stack size              (kbytes, -s) unlimited
sz	1	2	4	8	16	32	64	128	256	512
10	0.050	0.013	0.011	0.011	0.013	0.018	0.025	0.042	0.075	0.140
100	0.010	0.010	0.010	0.011	0.013	0.018	0.025	0.044	0.075	0.141
1000	0.025	0.010	0.010	0.011	0.014	0.018	0.028	0.047	0.085	0.162
10000	0.009	0.009	0.010	0.011	0.013	0.017	0.027	0.045	0.084	0.161
100000	0.019	0.011	0.016	0.020	0.024	0.032	0.053	0.088	0.148	0.280
1000000	0.035	0.048	0.062	0.085	0.122	0.195	0.347	0.665	1.217	2.366
10000000	0.257	0.370	0.487	0.709	1.099	1.824	3.223	6.000	11.657	22.899
100000000	2.456	3.357	4.511	6.317	9.990	16.817	29.657	55.279	106.534	208.813
1000000000	25.276	33.444	45.131	63.060	96.046	165.867	297.333	554.339	1065.866	2090.775
