stack size              (kbytes, -s) unlimited
sz	1	2	4	8	16	32	64	128	256	512
10	0.039	0.015	0.013	0.014	0.015	0.018	0.025	0.038	0.065	0.118
100	0.012	0.012	0.012	0.013	0.016	0.021	0.029	0.044	0.065	0.119
1000	0.013	0.012	0.013	0.014	0.017	0.023	0.030	0.049	0.085	0.158
10000	0.013	0.012	0.015	0.025	0.033	0.044	0.044	0.054	0.098	0.173
100000	0.014	0.013	0.016	0.028	0.052	0.129	0.245	0.373	0.397	0.444
1000000	0.039	0.049	0.075	0.183	0.259	0.348	0.373	0.631	1.242	2.431
10000000	0.260	0.359	0.585	1.419	2.834	3.945	6.217	8.257	14.147	19.820
100000000	2.482	3.446	5.200	13.964	28.141	38.872	63.185	86.865	165.508	214.959
1000000000	24.503	33.706	51.299	139.166	281.587	389.955	632.052	868.577	1683.033	2171.948
